EPSG:2180
340607.768 548220.879 70.8 149 1620 img_4881.jpg
340607.768 548220.879 70.8 1607 1061 img_4858.jpg
340607.768 548220.879 70.8 1218 1115 img_4854.jpg
340644.813 548180.885 70 239 1134 img_4881.jpg
340644.813 548180.885 70 1270 1592 img_4885.jpg
340644.813 548180.885 70 1194 775 img_4854.jpg
340594.082 548098.123 70 867 1092 img_4928.jpg
340594.082 548098.123 70.5 1048 1022 img_4881.jpg
340594.082 548098.123 70.5 1016 645 img_4910.jpg
340573.908 547924.459 70 1904 466 img_4881.jpg
340573.908 547924.459 70 1644 766 img_4953.jpg
340573.908 547924.459 70 1821 651 img_4871.jpg
340724.33 548182.241 68.35 1731 815 img_4961.jpg
340724.33 548182.241 68.35 574 1020 img_4885.jpg
340724.33 548182.241 68.35 748 522 img_4853.jpg
340543.4 548034.2 76.5 1371 929 img_4871.jpg
340543.4 548034.2 76.5 1772 1394 img_4940.jpg
340543.4 548034.2 76.5 2026 1432 img_4967.jpg
